"","KP191526","KP191527","KP191525","KP191529","KJ417843","KP191493","KP191494","KP191501","KC316014","JN380810","JN380809","JN380808","JX093684","JX093699","KP757174","KP979771","JQ065930","AY422782","AY871813","EU282328","FJ687475","JX093618","JN379472","JN638329","JF297570","JN092553","JN544414","JN030343","AB550408","JX556922","JQ403524","JX476032","JF968043","JF968044","JN832500","JN832506","JN568248","JN415532","JN575585","JN575591","JX556940","JQ013408","HM210481","JF967762","JX402209","JF967773","JF967786","JF967792","DQ181846","DQ181856","AY732464","DQ181807","DQ518639","DQ518642","DQ518643","DQ917242","DQ917244","EU045312","EF436279","GQ139573","AM746226","EU005258","AB111086","AB111452","FJ931535","AF425622","AF425625","AF425627","AF425612","AF425619","HM237348","JF297573","JF297574","JF297578","JN029812","JN196578","JF804032","JF804036","EU448410","EU448419","FJ807632","FJ807634","FJ807635","FJ807637","FJ807638","FJ807639","KP858119","KT012508","KJ939388","KJ939367","KJ939402","KM216699","JQ686066","JQ686058","AB915384","KJ806918","KJ806910","KT175137","KC848581","KC848580","KF752596","KM279408","AB873104","KJ415093","KF364513","HQ336219","KM651778","JQ993232","JN036390","JF804049","DQ518674","KF041250","DQ453981","AB111085","AY338493","AY676385","AY676407","KF709426","JQ686069","JN030191","JF968094","JF968113","HM348831","JN544412","KR779789","KM222447","KM216708","AY484646","KP191499","KM222448"
"KP191526",0,920,756,326,2827,2466,3223,2311,2998,2956,2838,2606,2685,2679,840,824,3012,3255,847,3353,3415,1325,3019,2935,3063,2761,2559,865,3079,2981,579,2557,1309,609,3125,2747,655,2757,2483,3221,3113,913,1115,2583,2741,2907,2609,3717,1067,841,2607,679,963,927,649,1237,1721,1031,2717,2697,813,753,2943,701,979,2825,3197,2941,3283,3063,3021,3195,2861,3219,2873,431,669,957,3049,743,839,803,1223,1057,1039,835,3511,671,2753,2925,1349,577,2971,2741,2721,863,837,983,727,3319,1307,865,2965,3259,888,3012,2585,3279,2975,2575,2823,3063,2987,2641,3043,2517,3059,2955,2721,2521,3011,2731,2861,3224,2792,1104,762,1678,3714,3716
"KP191527",920,0,888,798,2139,1838,2703,1721,2462,2712,2440,2572,2183,2095,714,1090,2536,2535,915,2857,2911,527,2459,2147,2373,2325,2473,669,2521,2527,961,2643,1211,929,3121,2557,671,2207,2763,2947,2911,1097,979,2385,2209,2835,2501,3465,943,507,2035,631,961,1061,857,777,1539,979,2633,2385,809,949,2503,757,951,2253,2601,2271,2585,2347,2817,2587,2597,2627,2305,753,541,1125,2605,919,921,939,863,917,869,849,2719,979,2129,2123,831,1069,2859,2815,2289,993,827,497,875,2581,1125,1123,2167,3193,922,2746,2399,3331,2933,2601,2879,2817,3031,2449,2941,2643,2951,2901,2545,2707,2769,2601,2769,3026,2580,1458,1294,1374,2984,3848
"KP191525",756,888,0,558,3061,2616,3513,2473,2966,2794,2720,2580,2925,2783,400,1280,3376,3353,583,3411,3829,1335,3473,2871,3457,2597,2643,769,3197,3101,809,2663,1639,807,3087,2663,859,2849,2517,3035,3343,1191,1467,2677,3139,2949,2831,4089,1223,993,2865,915,1259,1203,747,985,2275,1409,2733,2751,1057,929,2795,937,1085,3015,3597,3045,3371,3251,3075,3575,3315,3669,3021,849,803,1223,3141,1023,629,607,959,639,741,685,3725,1031,2865,3149,1513,909,3305,2895,2833,461,379,1145,909,3307,1679,1481,3033,3177,746,3100,2529,3143,2807,2629,2889,3133,2941,2529,2963,2489,3013,2917,2797,2653,2855,2659,2943,3140,2802,1522,1068,1822,3838,4172
"KP191529",326,798,558,0,2679,2436,3151,2203,2832,2774,2516,2456,2537,2587,578,744,2996,3017,641,3275,3385,1189,2927,2591,2911,2887,2899,727,2909,3273,451,2889,1043,495,3487,2941,647,2607,2721,3521,3355,787,923,2937,2767,3313,2923,4039,879,909,2525,557,749,799,549,923,1919,953,3125,3029,779,695,3261,633,785,2579,3107,2703,3031,3023,3345,3209,2897,3139,2735,389,569,835,2763,709,643,639,1013,911,917,675,3297,619,2555,2815,1393,519,3457,3147,2559,737,711,963,699,3007,1157,795,2695,3595,762,3030,2443,3309,2953,2431,2637,3033,2775,2525,3039,2573,3107,2721,2749,2279,3015,2507,2893,3044,3102,952,748,1432,3488,3632
"KJ417843",2827,2139,3061,2679,0,465,1538,464,1279,3019,2795,2767,742,762,2899,2251,1297,1450,3222,1402,1808,2408,1190,832,1402,3228,3232,3104,1524,3372,2720,3576,3122,2518,4318,3398,2756,1394,3286,4526,3430,3038,2804,3198,1324,3924,3564,3890,2792,2694,1046,2696,2864,3140,2872,2980,2816,3172,3628,3544,2600,3020,3646,2850,2538,1080,1338,1088,1292,992,3946,1238,1392,1338,706,2638,2772,3068,1264,3064,3228,3288,3564,3550,3248,3248,1228,2934,774,712,2706,2722,3950,4118,1468,2926,3036,2586,2602,986,2956,2656,744,4752,3429,2705,2438,3240,2636,2508,2980,2816,2950,2778,2952,2748,2716,2882,2816,2438,2766,2682,2830,3027,3281,3201,3385,3327,1363,4293
"KP191493",2466,1838,2616,2436,465,0,1279,167,1064,2492,2420,2470,493,375,2326,2040,850,955,2593,1185,1269,2011,731,505,929,2797,2643,2555,1077,2745,2207,3023,2901,2123,3753,3023,2191,983,2845,3751,2935,2583,2413,2615,797,3255,2917,3325,2481,2161,543,2295,2621,2761,2489,2635,2229,2745,3101,3109,2005,2299,2983,2343,2319,671,759,621,955,493,3321,763,813,871,513,2159,2349,2623,995,2803,2611,2705,2883,2895,2661,2687,761,2287,467,469,2279,2145,3087,3397,855,2233,2373,2165,2079,669,2481,2449,507,4003,2854,2400,2095,2679,2145,2117,2555,2451,2675,2341,2537,2253,2245,2611,2479,2343,2159,2395,2411,2576,2706,2732,2910,2878,1132,3884
"KP191494",3223,2703,3513,3151,1538,1279,0,1258,1349,2103,2471,2107,1306,1618,3089,2939,739,1130,3598,1562,436,2982,840,1362,1374,3114,3144,3184,1444,2748,2934,3398,3004,2856,4080,3620,3272,1372,3462,4064,3114,3112,2486,2948,758,3644,3450,3588,3082,2850,1758,2770,3390,3522,3190,3062,2594,2950,3856,3692,2912,3062,3554,3130,2466,1148,908,1144,1274,1084,3782,786,656,872,1204,2810,3116,3146,1366,3614,3438,3318,3154,3646,3502,3272,768,3070,1374,1404,2822,3060,3494,3910,1174,3176,3268,2768,3112,1488,2526,2680,1652,4386,3681,1965,1754,2304,1980,2736,2968,1996,2810,2212,2236,2102,2234,2732,2294,2428,1948,2326,2304,2381,3183,3305,3785,3201,1871,4049
"KP191501",2311,1721,2473,2203,464,167,1258,0,1201,2323,2185,2285,498,448,2119,1733,923,1076,2512,1308,1318,1776,944,584,1146,2844,2558,2344,1144,2756,1980,3118,2560,1982,3710,3116,2050,1064,2798,3758,2902,2306,2124,2594,906,3256,2794,3374,2180,2002,630,2048,2348,2538,2240,2416,2074,2402,3136,3266,1878,2120,3036,2094,2010,780,906,750,1046,686,3342,874,888,896,604,1966,2170,2322,1090,2550,2378,2492,2606,2712,2434,2402,866,2074,416,498,2072,1950,3174,3470,938,2092,2162,2036,1946,800,2306,2208,516,3960,2707,2359,2028,2644,2174,2036,2374,2356,2546,2106,2428,2130,2296,2520,2336,2188,2232,2212,2326,2455,2577,2495,2675,2553,1045,3611
"KC316014",2998,2462,2966,2832,1279,1064,1349,1201,0,2996,2984,2764,803,941,2606,2496,1256,695,2805,285,1483,2509,997,895,985,2833,2955,2779,559,2837,2495,2857,2333,2317,4043,3079,2557,575,3241,3883,3057,2277,2083,2859,1135,3371,3087,3289,2307,2537,1089,2693,2625,2739,2803,2651,2755,2497,3463,3381,2325,2509,2971,2883,1971,1111,1171,557,503,823,3189,999,1153,1121,615,2367,2733,2369,371,2925,3023,2799,3019,3125,2727,2783,1079,2635,1241,947,2563,2687,3559,3669,897,2525,2607,2383,2645,831,2359,2079,1193,4321,2984,2700,2559,3019,2695,2665,3107,2775,3139,2877,2969,2745,2843,3129,2781,2823,2511,2733,2779,3038,2930,2954,3224,2396,1464,4150
"JN380810",2956,2712,2794,2774,3019,2492,2103,2323,2996,0,466,490,2679,2623,2280,2558,1836,2411,2453,2925,1847,2431,2095,2309,2703,2537,2075,2535,2253,2133,2605,2991,2897,2189,2837,2923,2721,2361,2459,2777,2495,2725,2385,2201,1887,2463,2439,3033,2561,2129,2545,2103,2969,3095,2065,2849,1887,2665,2619,2829,2515,2707,2497,2577,2381,2223,2227,2277,2679,2217,2805,2021,1833,1979,2459,2395,2459,2769,2803,3099,2631,2675,2409,2537,2737,2561,2479,2761,2033,2421,1955,2601,2543,2559,2087,2275,2475,2213,2405,2535,2619,2723,2479,2927,2774,500,455,603,613,695,667,301,733,385,605,533,631,635,371,727,545,487,367,106,2080,2532,2888,2766,2600,1798
"JN380809",2838,2440,2720,2516,2795,2420,2471,2185,2984,466,0,420,2521,2419,2240,2342,2020,2495,2243,2911,2421,2079,2283,2179,2641,2281,1899,2367,2351,2051,2443,2771,2597,1989,2743,2807,2533,2397,2165,2831,2307,2473,2241,1977,2101,2305,2041,2883,2195,2015,2451,1907,2449,2673,1999,2519,1887,2293,2437,2633,2449,2701,2503,2329,2109,2219,2255,2283,2657,2253,2675,2295,2039,1999,2375,2205,2211,2487,2613,2617,2507,2627,2281,2475,2503,2485,2563,2617,1943,2209,2015,2433,2373,2405,1897,2265,2397,1981,2091,2425,2673,2431,2163,2873,2704,738,697,1025,931,497,431,563,489,435,937,791,901,519,489,471,1009,427,659,500,1936,2330,2642,2414,2408,1574
"JN380808",2606,2572,2580,2456,2767,2470,2107,2285,2764,490,420,0,2479,2461,2236,2416,1768,2243,2257,2713,2045,2283,2041,2087,2555,2311,1831,2355,2311,2003,2401,2695,2669,1919,2617,2737,2651,2477,2115,2757,2399,2499,2177,1895,1813,2245,2159,3081,2377,2039,2461,1947,2733,2771,1973,2595,2053,2295,2375,2569,2433,2579,2461,2279,2075,2249,2103,2171,2649,2253,2667,2117,1805,1941,2247,2187,2315,2547,2421,2511,2521,2595,2209,2519,2603,2439,2393,2727,2001,2261,2091,2483,2211,2313,1855,2183,2369,2061,2295,2329,2671,2447,2291,2817,2738,660,449,863,791,591,443,501,359,439,827,765,825,341,489,343,789,113,635,584,1858,2208,2554,2622,2576,1476
"JX093684",2685,2183,2925,2537,742,493,1306,498,803,2679,2521,2479,0,266,2431,1979,831,596,2564,896,1268,2056,728,462,836,3302,3202,2338,916,3324,2034,3346,2392,2030,4518,3628,2234,858,3396,4384,3450,2320,2012,3136,706,3744,3218,3880,2176,2186,332,2180,2294,2484,2548,2542,2318,2378,3788,3730,1892,2216,3480,2366,1880,606,684,598,750,556,3666,810,858,822,316,2004,2362,2370,616,2544,2688,2500,2698,2816,2550,2438,670,2208,542,520,2140,2172,3680,3982,784,2254,2372,2052,2208,632,2068,2028,282,4682,2727,2399,2300,2904,2542,2258,2586,2542,2674,2478,2764,2506,2608,2680,2496,2312,2402,2330,2466,2719,3191,2363,2663,2265,739,3329
"JX093699",2679,2095,2783,2587,762,375,1618,448,941,2623,2419,2461,266,0,2321,2023,1087,830,2398,1084,1568,2004,1042,398,962,2892,2650,2364,970,2802,2114,2870,2552,1974,3894,3026,2138,1002,2908,3732,2944,2344,2262,2616,934,3108,2682,3320,2148,2128,314,2224,2352,2370,2404,2556,2204,2482,3138,3152,1846,2192,2846,2384,2022,704,880,632,900,656,3114,988,1022,1026,480,2072,2224,2410,802,2544,2676,2544,2810,2792,2438,2526,920,2152,446,474,2230,2114,3066,3308,786,2178,2268,2044,2060,646,2348,2264,308,3970,2757,2383,2116,2854,2290,2106,2432,2502,2602,2340,2650,2430,2460,2570,2422,2322,2324,2246,2364,2693,2629,2419,2655,2337,773,3293
"KP757174",840,714,400,578,2899,2326,3089,2119,2606,2280,2240,2236,2431,2321,0,768,2736,2693,251,2957,3085,709,2761,2299,2695,2163,2217,325,2557,2487,395,2255,1023,519,2697,2275,413,2195,2179,2487,2629,719,881,2295,2439,2417,2297,3267,637,545,2311,405,753,807,433,543,1531,777,2419,2385,519,529,2213,455,663,2323,2925,2469,2719,2609,2425,2857,2619,2861,2497,411,407,743,2639,679,345,313,477,329,339,299,3107,567,2419,2541,929,529,2699,2397,2387,225,115,615,515,2651,963,875,2533,2673,360,2540,2105,2747,2475,2279,2469,2577,2689,2051,2439,2095,2569,2627,2279,2327,2315,2239,2491,2622,2266,728,588,976,2838,2990
"KP979771",824,1090,1280,744,2251,2040,2939,1733,2496,2558,2342,2416,1979,2023,768,0,2378,2665,957,2653,2835,879,2253,2267,2637,2189,2145,997,2471,2517,399,2251,939,667,2937,2365,657,2083,2127,2929,2493,721,873,2267,2139,2403,2229,2859,755,915,1799,697,757,839,699,903,1519,795,2339,2483,839,873,2443,695,707,2031,2409,2305,2633,2277,2515,2375,2259,2483,2301,561,609,711,2283,841,1085,969,1227,1127,929,961,2705,637,2083,1969,1099,481,2761,2555,2259,899,905,897,639,2447,1193,711,2127,2995,1038,2556,2121,2883,2671,2077,2409,2545,2611,2093,2499,2107,2567,2577,2245,2019,2543,2295,2427,2670,2134,738,656,1020,2462,2498
"JQ065930",3012,2536,3376,2996,1297,850,739,923,1256,1836,2020,1768,831,1087,2736,2378,0,685,2969,1097,479,2323,249,997,1065,3007,2817,2787,891,2751,2489,3257,2701,2343,4081,3423,2661,879,3283,4169,3109,2661,2073,2661,281,3505,3069,3619,2641,2445,929,2489,2999,3061,2717,2751,2225,2681,3463,3275,2365,2493,3341,2659,2207,747,351,669,881,735,3567,487,315,447,679,2375,2623,2759,983,3057,2859,2987,2837,3211,3177,2835,389,2609,949,779,2269,2521,2961,3491,773,2647,2829,2421,2527,1019,2217,2397,1073,4361,3168,1750,1707,2229,2025,2041,2255,1763,2283,1893,2229,1971,2041,2265,1789,1995,1745,1783,1945,1908,2746,2620,3070,2632,1144,2962
"AY422782",3255,2535,3353,3017,1450,955,1130,1076,695,2411,2495,2243,596,830,2693,2665,685,0,2726,772,870,2372,604,568,596,3300,3182,2588,490,3048,2590,3460,2446,2482,4542,3714,2548,518,3572,4204,3342,2608,2090,3014,436,3644,3254,3658,2536,2526,638,2648,2752,2950,2802,2726,2292,2608,3886,3720,2224,2362,3294,2688,2158,562,532,222,358,480,3504,642,664,606,464,2464,2680,2696,368,3054,2886,2782,2696,3008,2844,2670,412,2774,876,794,2464,2780,3498,3878,410,2624,2722,2372,2552,646,2214,2340,766,4624,2891,2375,1936,2518,2262,2228,2518,2462,2668,2306,2486,2378,2330,2594,2434,2452,2028,2144,2596,2523,3099,2703,3223,2397,1081,3223
"AY871813",847,915,583,641,3222,2593,3598,2512,2805,2453,2243,2257,2564,2398,251,957,2969,2726,0,3134,3552,946,2958,2342,2760,2270,2276,310,2640,2548,532,2170,1012,562,2848,2306,432,2302,2206,2592,2670,752,964,2308,2542,2446,2212,3244,708,680,2294,566,690,724,484,686,1534,842,2430,2314,570,596,2268,684,734,2498,3100,2592,2812,2824,2440,3158,2922,3116,2682,462,430,802,2696,598,426,318,636,336,320,378,3316,670,2650,2838,1086,614,2714,2268,2384,394,262,732,554,2734,1106,942,2634,2722,267,2693,2214,2858,2644,2126,2310,2712,2624,2158,2570,2222,2650,2544,2314,2270,2446,2212,2512,2769,2385,727,615,1007,3103,2783
"EU282328",3353,2857,3411,3275,1402,1185,1562,1308,285,2925,2911,2713,896,1084,2957,2653,1097,772,3134,0,1352,2692,880,1128,1156,3096,3022,3100,546,3050,2742,3158,2614,2712,4396,3370,2736,586,3402,4266,3258,2482,2306,2972,1052,3626,3200,3478,2558,2824,1144,3100,2872,2940,3068,2984,2948,2734,3616,3560,2504,2588,3208,3134,2184,1090,1022,602,530,844,3450,886,950,984,746,2632,2992,2570,420,3186,3258,3156,3292,3528,3120,3110,1004,2882,1356,874,2736,2934,3642,3816,896,2716,2922,2676,2774,1042,2496,2294,1306,4682,3273,2645,2564,2880,2580,2602,3162,2756,3154,2806,3022,2608,2800,3162,2704,2768,2462,2686,2618,2831,2849,3187,3433,2565,1395,3667
"FJ687475",3415,2911,3829,3385,1808,1269,436,1318,1483,1847,2421,2045,1268,1568,3085,2835,479,870,3552,1352,0,2766,536,1332,1284,3370,3120,3118,1038,2846,2894,3674,2904,2826,4410,3862,3038,1098,3660,4236,3256,2860,2306,3026,608,3728,3410,3684,2996,2626,1520,2800,3336,3352,3004,3192,2526,2886,3930,3884,2666,2678,3456,2924,2488,1014,588,816,1060,896,3784,468,350,538,1046,2740,3014,2928,1294,3542,3360,3312,3166,3570,3558,3222,542,2918,1274,1156,2502,2890,3404,3936,934,2998,3224,2608,2936,1370,2274,2624,1650,4646,3519,1813,1614,1982,1824,2388,2710,1840,2644,2080,2096,1928,1950,2568,2070,2388,1630,2128,2134,2001,3003,2999,3479,2825,1481,3219
"JX093618",1325,527,1335,1189,2408,2011,2982,1776,2509,2431,2079,2283,2056,2004,709,879,2323,2372,946,2692,2766,0,2410,2194,2464,2288,2306,756,2450,2494,762,2592,1180,880,3134,2660,650,2078,2620,2846,2714,986,936,2308,2118,2660,2210,3266,816,360,1870,586,928,1110,766,774,1512,806,2628,2532,854,896,2376,452,1010,2168,2474,2134,2572,2208,2652,2502,2406,2488,2226,700,648,990,2360,872,1022,966,770,818,702,782,2712,906,2124,2078,542,894,2864,2884,2152,820,716,392,904,2506,1174,1116,2070,3146,1033,2413,2242,2912,2716,2144,2426,2518,2674,2178,2660,2300,2598,2608,2034,2322,2312,2226,2382,2613,2301,919,969,993,2359,2777
"JN379472",3019,2459,3473,2927,1190,731,840,944,997,2095,2283,2041,728,1042,2761,2253,249,604,2958,880,536,2410,0,780,868,3140,3044,2762,786,2886,2448,3402,2578,2374,4342,3556,2512,820,3396,4362,3218,2634,2004,2944,302,3614,3280,3552,2582,2446,832,2496,2888,3004,2790,2738,2292,2626,3604,3498,2168,2418,3374,2686,2178,664,382,560,756,572,3532,406,400,482,604,2364,2596,2710,846,3076,3030,2958,2878,3208,3150,2942,384,2668,996,676,2352,2556,3208,3642,770,2696,2930,2340,2402,778,2142,2194,936,4616,3085,1951,1844,2346,2132,2114,2496,1952,2492,2136,2318,2168,2090,2318,2048,2148,1848,2042,2116,2099,2983,2649,3087,2707,1145,3193
"JN638329",2935,2147,2871,2591,832,505,1362,584,895,2309,2179,2087,462,398,2299,2267,997,568,2342,1128,1332,2194,780,0,608,2878,2752,2340,806,2694,2340,3114,2500,2042,3848,3142,2310,798,2958,3754,2894,2538,2208,2720,686,3240,2994,3300,2296,2220,568,2268,2500,2690,2416,2554,2188,2550,3254,3296,1990,2368,2994,2494,2070,482,796,434,658,498,3166,744,966,854,372,2188,2336,2602,712,2700,2648,2526,2658,2756,2474,2600,732,2522,488,568,2444,2352,3280,3418,664,2314,2422,2150,2156,216,2416,2288,380,4048,2675,2273,1846,2566,2022,1892,2146,2268,2290,2122,2306,2292,2120,2118,2294,2036,1988,1926,2422,2429,2681,2399,2793,2455,741,3235
"JF297570",3063,2373,3457,2911,1402,929,1374,1146,985,2703,2641,2555,836,962,2695,2637,1065,596,2760,1156,1284,2464,868,608,0,3300,3410,2744,776,3022,2662,3460,2532,2504,4354,3598,2536,576,3638,4076,3368,2672,2212,3172,662,3820,3564,3678,2576,2508,922,2550,2670,2876,3012,2946,2300,2660,3952,3800,2342,2556,3466,2750,2342,410,664,428,524,458,3804,756,900,734,774,2334,2644,2734,718,2954,2930,2840,3040,3172,2792,2792,856,2724,1046,886,2774,2722,3630,4006,714,2870,2844,2452,2496,734,2384,2242,916,4468,2841,2837,2234,3036,2510,2434,2724,2814,2740,2666,3006,2724,2618,2694,2836,2524,2294,2410,2938,2837,3237,2673,3147,2421,1161,3383
"JN092553",2761,2325,2597,2887,3228,2797,3114,2844,2833,2537,2281,2311,3302,2892,2163,2189,3007,3300,2270,3096,3370,2288,3140,2878,3300,0,444,2740,2928,536,2428,360,3060,2224,502,276,2584,2432,568,552,452,2628,2882,398,2808,478,850,734,2744,2214,3018,2270,2700,3010,2044,2498,1738,2542,324,302,2824,3080,502,2354,2398,2834,3140,2876,2952,2644,702,2888,2950,3080,2982,2338,2222,2612,2918,2940,2766,2734,2658,2606,2276,2860,3552,2550,2564,2708,2286,2282,830,630,2726,2270,2360,2128,2426,2780,3206,2748,3154,684,2923,1857,1986,2418,2112,2320,2518,2064,2766,2098,1950,1838,1996,2738,2044,2328,2040,2450,2238,2561,609,2739,2867,2765,3295,2951
"JN544414",2559,2473,2643,2899,3232,2643,3144,2558,2955,2075,1899,1831,3202,2650,2217,2145,2817,3182,2276,3022,3120,2306,3044,2752,3410,444,0,2724,2732,440,2428,536,2988,2166,434,588,2468,2532,322,514,438,2422,2712,158,2672,272,368,660,2440,2088,2716,2282,2674,2770,1914,2752,1392,2332,244,620,2586,2694,420,2204,2322,2866,2924,2730,3030,2550,538,2654,2628,2756,2848,2342,2220,2416,2912,2666,2638,2724,2784,2612,2370,2772,3398,2368,2318,2434,2138,2194,468,330,2434,2256,2252,2138,2254,2638,3222,2656,3038,492,2917,1605,1618,1818,1626,1798,1806,1720,2250,1514,1420,1308,1588,2324,1536,1990,1740,1918,1768,2161,135,2595,2679,2641,3083,2365
"JN030343",865,669,769,727,3104,2555,3184,2344,2779,2535,2367,2355,2338,2364,325,997,2787,2588,310,3100,3118,756,2762,2340,2744,2740,2724,0,2646,2978,512,2802,758,686,3416,2892,360,2388,2824,3184,3212,730,660,2684,2340,2972,2596,3836,600,454,2218,456,614,742,544,550,1522,580,2946,2808,382,482,2690,514,502,2488,2902,2590,2862,2742,2900,2868,2668,2822,2476,416,370,774,2772,584,436,262,378,294,374,224,3070,672,2572,2694,798,704,3142,2890,2354,448,312,420,642,2914,710,784,2438,3418,277,2767,2336,3098,2880,2440,2654,2784,2876,2272,2676,2480,2876,2704,2422,2562,2682,2330,2676,2867,2761,701,583,877,2861,3077
"AB550408",3079,2521,3197,2909,1524,1077,1444,1144,559,2253,2351,2311,916,970,2557,2471,891,490,2640,546,1038,2450,786,806,776,2928,2732,2646,0,2660,2600,2958,2082,2396,4028,3052,2390,278,3172,3824,2878,2130,1940,2676,870,3192,2774,3192,2200,2512,986,2698,2498,2480,2642,2812,2216,2368,3362,3310,2278,2274,2790,2796,2004,824,810,344,306,704,3126,742,854,752,698,2394,2612,2224,518,2856,2800,2812,3002,3074,2822,2712,730,2586,1074,768,2476,2654,3150,3312,618,2564,2618,2418,2442,720,2204,2078,1182,4192,2809,2309,2012,2486,2306,2086,2452,2312,2660,2202,2478,2258,2310,2628,2258,2520,2110,2206,2422,2309,2567,2829,3105,2125,1293,3163
"JX556922",2981,2527,3101,3273,3372,2745,2748,2756,2837,2133,2051,2003,3324,2802,2487,2517,2751,3048,2548,3050,2846,2494,2886,2694,3022,536,440,2978,2660,0,2806,678,3098,2358,712,828,2720,2414,868,642,266,2750,2850,510,2580,458,846,476,2804,2178,2984,2418,2976,3114,2292,2864,1850,2524,646,868,2780,2994,542,2652,2496,2776,2846,2616,2758,2410,676,2468,2548,2542,2922,2512,2416,2756,2924,2984,2978,3062,2880,2910,2524,3090,3214,2666,2470,2520,2180,2522,664,560,2346,2636,2688,2206,2562,2588,3122,2820,3174,840,3127,1609,1704,1976,1664,2128,2108,1624,2386,1756,1622,1542,1722,2484,1736,2134,1642,2166,1876,2339,495,2829,3087,2647,3115,2569
"JQ403524",579,961,809,451,2720,2207,2934,1980,2495,2605,2443,2401,2034,2114,395,399,2489,2590,532,2742,2894,762,2448,2340,2662,2428,2428,512,2600,2806,0,2332,894,408,3192,2592,336,2244,2290,3010,2796,580,690,2430,2220,2734,2288,3374,642,594,1926,372,620,732,466,762,1502,638,2646,2664,448,392,2634,310,564,2208,2652,2372,2734,2514,2664,2646,2382,2730,2344,202,460,606,2370,600,548,454,734,658,590,466,2912,222,2270,2302,902,170,2898,2708,2172,390,388,616,488,2660,764,634,2298,3164,609,2635,2256,2818,2618,2284,2590,2706,2804,2306,2592,2186,2664,2716,2310,2278,2444,2366,2494,2813,2517,507,409,963,2703,2777
"JX476032",2557,2643,2663,2889,3576,3023,3398,3118,2857,2991,2771,2695,3346,2870,2255,2251,3257,3460,2170,3158,3674,2592,3402,3114,3460,360,536,2802,2958,678,2332,0,3072,2182,606,248,2548,2538,490,536,486,2508,2956,522,3004,482,662,700,2694,2396,3116,2414,2574,2794,2222,2780,1928,2530,454,512,2788,2878,562,2460,2406,3080,3320,3086,3028,2810,726,3112,3056,3354,3146,2300,2376,2524,2902,2814,2770,2704,2982,2692,2300,2802,3830,2310,2910,2988,2536,2114,830,518,2818,2328,2300,2392,2488,2924,3176,2720,3486,610,2811,2211,2382,2614,2416,2668,2824,2474,3128,2404,2238,1994,2344,3276,2340,2696,2260,2814,2504,3115,781,2701,2745,2689,3595,3145
"JF968043",1309,1211,1639,1043,3122,2901,3004,2560,2333,2897,2597,2669,2392,2552,1023,939,2701,2446,1012,2614,2904,1180,2578,2500,2532,3060,2988,758,2082,3098,894,3072,0,1034,4010,3270,814,2052,3168,3692,3214,324,232,2866,2348,3128,2586,3570,300,990,2266,904,410,468,956,916,1708,210,3358,3398,902,880,2880,1052,314,2368,2666,2320,2472,2736,2990,2624,2624,2544,2630,780,674,328,2340,646,1248,786,1212,1012,904,850,2892,914,2724,2450,1288,1092,3482,3256,2160,1276,1052,920,1152,2786,750,292,2580,3822,809,3057,2548,3452,3308,2652,2826,3048,3176,2604,3002,2846,3268,2988,2632,2792,3110,2544,3098,3219,2907,1061,1077,457,2825,3025
"JF968044",609,929,807,495,2518,2123,2856,1982,2317,2189,1989,1919,2030,1974,519,667,2343,2482,562,2712,2826,880,2374,2042,2504,2224,2166,686,2396,2358,408,2182,1034,0,2764,2368,536,2180,2208,2798,2496,690,756,2208,2200,2438,2216,3172,740,476,2000,286,766,768,300,830,1566,812,2310,2318,516,642,2368,582,612,2294,2632,2204,2546,2456,2432,2512,2352,2588,2126,234,368,764,2376,592,762,692,848,794,816,708,2790,504,2002,2142,910,344,2566,2350,1968,532,612,572,450,2348,976,672,2216,2874,691,2085,1918,2504,2194,1908,2006,2170,2098,1946,2290,2018,2304,2074,1876,1740,2150,1894,2170,2389,2231,503,461,899,2461,2609
"JN832500",3125,3121,3087,3487,4318,3753,4080,3710,4043,2837,2743,2617,4518,3894,2697,2937,4081,4542,2848,4396,4410,3134,4342,3848,4354,502,434,3416,4028,712,3192,606,4010,2764,0,430,3340,3568,572,310,662,3426,3754,560,3806,518,1032,920,3496,2842,4076,2902,3554,3826,2576,3516,2222,3276,356,630,3558,3772,660,2882,3258,3968,4150,3950,4164,3562,874,3754,3776,3938,4010,2976,2936,3400,4120,3612,3224,3380,3458,3138,2874,3396,4828,3216,3412,3786,3042,2846,784,530,3694,2936,2884,2920,3158,3760,4322,3566,4242,276,3557,2333,2454,2786,2426,2730,2648,2480,2980,2314,2206,2142,2446,3072,2448,2714,2578,2784,2646,2965,613,3307,3419,3613,4289,3493
"JN832506",2747,2557,2663,2941,3398,3023,3620,3116,3079,2923,2807,2737,3628,3026,2275,2365,3423,3714,2306,3370,3862,2660,3556,3142,3598,276,588,2892,3052,828,2592,248,3270,2368,430,0,2732,2672,570,550,610,2794,3210,566,3196,612,918,866,2926,2520,3254,2554,2796,3054,2230,2930,2056,2836,330,268,3012,3162,572,2588,2634,3202,3492,3166,3180,2944,888,3218,3250,3498,3236,2496,2424,2820,3156,3122,2824,2888,3150,2804,2472,2932,3964,2632,2838,3076,2656,2330,950,562,3096,2470,2446,2470,2706,3052,3480,3018,3522,616,2981,2239,2330,2830,2462,2652,2864,2466,3116,2394,2278,2166,2390,3138,2418,2726,2450,2794,2560,2951,785,2955,2975,3011,3681,3407
"JN568248",655,671,859,647,2756,2191,3272,2050,2557,2721,2533,2651,2234,2138,413,657,2661,2548,432,2736,3038,650,2512,2310,2536,2584,2468,360,2390,2720,336,2548,814,536,3340,2732,0,2122,2504,3106,2832,578,634,2426,2276,2802,2312,3356,580,448,1918,452,534,634,456,686,1392,634,2668,2680,202,236,2462,422,558,2326,2804,2326,2640,2510,2590,2676,2536,2748,2404,304,276,612,2520,488,516,376,638,492,464,404,2998,390,2376,2206,812,390,2874,2658,2106,492,404,490,278,2674,742,652,2304,3274,373,2863,2378,2944,2738,2364,2724,2952,3044,2334,2694,2322,2724,2856,2446,2622,2574,2568,2696,2955,2425,659,511,859,2669,2875
"JN415532",2757,2207,2849,2607,1394,983,1372,1064,575,2361,2397,2477,858,1002,2195,2083,879,518,2302,586,1098,2078,820,798,576,2432,2532,2388,278,2414,2244,2538,2052,2180,3568,2672,2122,0,2844,3362,2564,2056,1864,2440,706,3010,2766,2806,2138,2250,966,2430,2274,2458,2404,2434,2078,2264,3066,2976,2090,2122,2560,2412,1840,528,688,348,220,520,2896,662,766,702,656,2064,2320,2128,466,2704,2388,2410,2656,2690,2322,2380,796,2274,1114,852,2278,2234,3002,3164,616,2258,2304,2154,2136,672,2064,1872,1152,3776,2447,2369,2144,2614,2362,2242,2626,2436,2790,2316,2560,2192,2356,2844,2408,2484,2068,2382,2546,2407,2405,2537,2785,1955,1219,3265
"JN575585",2483,2763,2517,2721,3286,2845,3462,2798,3241,2459,2165,2115,3396,2908,2179,2127,3283,3572,2206,3402,3660,2620,3396,2958,3638,568,322,2824,3172,868,2290,490,3168,2208,572,570,2504,2844,0,618,592,2588,2978,332,3044,454,452,872,2588,2410,2984,2300,2546,2860,1992,2992,1626,2562,366,750,2718,2850,682,2180,2450,2988,3410,3132,3300,2790,784,3144,3010,3310,3136,2380,2380,2546,3042,2724,2632,2582,3022,2614,2392,2806,3900,2394,2608,2822,2600,2062,764,484,2708,2236,2230,2422,2270,2882,3528,2712,3200,498,2877,1845,1790,1848,1692,1956,2040,2076,2430,1774,1464,1408,1606,2464,1846,2112,1882,2198,2070,2561,567,2573,2615,2951,3339,2623
"JN575591",3221,2947,3035,3521,4526,3751,4064,3758,3883,2777,2831,2757,4384,3732,2487,2929,4169,4204,2592,4266,4236,2846,4362,3754,4076,552,514,3184,3824,642,3010,536,3692,2798,310,550,3106,3362,618,0,620,3074,3482,558,3690,366,796,750,3162,2598,3824,2720,3186,3482,2448,3302,2000,2984,464,776,3338,3462,416,2706,3084,3708,4098,3768,3936,3350,698,3704,3762,3930,4052,2894,2774,3038,3906,3384,3168,3074,3264,2856,2540,3152,4764,2932,3376,3748,2806,2762,768,536,3548,2700,2604,2674,3072,3680,3874,3404,4162,168,3229,2303,2320,2524,2292,2742,2734,2512,3182,2372,2058,2018,2266,3244,2442,2972,2234,2838,2598,3019,697,3191,3331,3163,4207,3279
"JX556940",3113,2911,3343,3355,3430,2935,3114,2902,3057,2495,2307,2399,3450,2944,2629,2493,3109,3342,2670,3258,3256,2714,3218,2894,3368,452,438,3212,2878,266,2796,486,3214,2496,662,610,2832,2564,592,620,0,2860,3104,502,2892,396,688,194,2864,2512,3112,2586,2850,3208,2380,3168,1800,2640,550,764,2956,3204,492,2752,2618,2946,3212,2894,2992,2646,478,2790,2848,2920,3114,2630,2584,2840,3036,3138,3254,3194,3170,3078,2650,3244,3634,2724,2676,2706,2494,2468,812,506,2620,2796,2834,2480,2710,2680,3262,2880,3338,708,3239,1769,2000,2148,1882,2324,2392,1976,2800,1968,1676,1676,1826,2830,1936,2370,1848,2504,2216,2649,561,2929,3259,2795,3271,2675
"JQ013408",913,1097,1191,787,3038,2583,3112,2306,2277,2725,2473,2499,2320,2344,719,721,2661,2608,752,2482,2860,986,2634,2538,2672,2628,2422,730,2130,2750,580,2508,324,690,3426,2794,578,2056,2588,3074,2860,0,292,2390,2490,2698,2124,3272,252,752,2214,670,320,222,600,844,1662,288,2802,2922,752,608,2486,766,376,2466,2686,2312,2546,2700,2682,2670,2530,2668,2602,498,546,16,2352,408,924,640,1132,894,756,704,2972,442,2520,2308,1108,626,2926,2722,2188,802,662,804,846,2756,752,322,2640,3228,689,2795,2394,3032,2952,2364,2584,2852,2968,2418,2796,2382,2964,2918,2450,2574,2770,2422,2728,3035,2395,855,741,415,2845,2751
"HM210481",1115,979,1467,923,2804,2413,2486,2124,2083,2385,2241,2177,2012,2262,881,873,2073,2090,964,2306,2306,936,2004,2208,2212,2882,2712,660,1940,2850,690,2956,232,756,3754,3210,634,1864,2978,3482,3104,292,0,2562,1846,3078,2444,3548,382,682,1880,590,500,592,754,830,1444,246,3132,3210,662,622,2746,784,278,2156,2196,1992,2252,2356,2874,2144,2050,2122,2226,556,558,324,2142,602,1036,654,904,872,882,690,2444,704,2330,2054,928,846,3082,3076,1790,1030,878,660,968,2500,570,268,2260,3608,753,2505,2160,2854,2790,2320,2426,2526,2684,2192,2540,2362,2754,2534,2142,2352,2504,2094,2518,2689,2641,847,963,477,2491,2679
"JF967762",2583,2385,2677,2937,3198,2615,2948,2594,2859,2201,1977,1895,3136,2616,2295,2267,2661,3014,2308,2972,3026,2308,2944,2720,3172,398,158,2684,2676,510,2430,522,2866,2208,560,566,2426,2440,332,558,502,2390,2562,0,2482,378,302,750,2470,2098,2574,2246,2538,2744,1948,2832,1342,2304,248,492,2620,2742,454,2192,2240,2722,2790,2626,2886,2434,652,2570,2542,2750,2828,2324,2172,2384,2750,2652,2626,2592,2762,2570,2358,2720,3306,2356,2266,2368,2204,2166,426,396,2232,2334,2290,2106,2348,2692,3186,2614,2890,514,2883,1613,1584,1830,1640,1894,1928,1820,2346,1592,1422,1402,1564,2318,1586,2160,1724,1948,1900,2321,277,2639,2749,2577,3021,2479
"JX402209",2741,2209,3139,2767,1324,797,758,906,1135,1887,2101,1813,706,934,2439,2139,281,436,2542,1052,608,2118,302,686,662,2808,2672,2340,870,2580,2220,3004,2348,2200,3806,3196,2276,706,3044,3690,2892,2490,1846,2482,0,3174,2898,3220,2404,2200,642,2272,2634,2842,2494,2404,1838,2338,3200,3090,2002,2202,2946,2390,1926,452,316,544,742,440,3144,320,322,414,624,2122,2286,2554,764,2804,2638,2542,2428,2748,2614,2468,436,2458,914,756,2244,2342,2854,3296,598,2406,2530,2152,2214,780,2020,2126,840,3912,2651,1887,1554,2186,1884,2002,2266,1936,2334,1838,2046,1904,1894,2204,1940,2008,1598,1760,2076,2007,2583,2325,2813,2387,1045,2867
"JF967773",2907,2835,2949,3313,3924,3255,3644,3256,3371,2463,2305,2245,3744,3108,2417,2403,3505,3644,2446,3626,3728,2660,3614,3240,3820,478,272,2972,3192,458,2734,482,3128,2438,518,612,2802,3010,454,366,396,2698,3078,378,3174,0,456,522,2652,2394,3214,2518,2848,2954,2220,2948,1682,2506,282,658,2938,3170,264,2574,2608,3292,3534,3292,3494,2990,338,3218,3228,3364,3466,2682,2454,2666,3362,2938,3172,2988,3040,2770,2502,3126,4062,2766,2920,3004,2536,2586,498,284,2998,2546,2538,2380,2570,3100,3518,2890,3546,380,3103,1827,1886,2156,1968,2174,2200,1996,2638,1892,1666,1720,1836,2660,1874,2436,1980,2330,2174,2631,441,2909,2997,2827,3635,2659
"JF967786",2609,2501,2831,2923,3564,2917,3450,2794,3087,2439,2041,2159,3218,2682,2297,2229,3069,3254,2212,3200,3410,2210,3280,2994,3564,850,368,2596,2774,846,2288,662,2586,2216,1032,918,2312,2766,452,796,688,2124,2444,302,2898,456,0,916,2106,2042,2658,2142,2210,2390,1964,2914,1240,2024,584,900,2472,2552,584,2068,2132,3072,3206,2910,3100,2758,680,3026,2908,3050,3080,2250,2150,2106,2906,2408,2734,2528,2874,2474,2298,2624,3706,2188,2524,2598,2084,2108,640,528,2464,2320,2176,2058,2294,2946,3034,2442,3096,702,2795,1827,1872,1948,1964,1934,1994,2074,2582,1782,1596,1600,1794,2602,1624,2440,1958,2176,2036,2609,607,2549,2641,2343,3215,2337
"JF967792",3717,3465,4089,4039,3890,3325,3588,3374,3289,3033,2883,3081,3880,3320,3267,2859,3619,3658,3244,3478,3684,3266,3552,3300,3678,734,660,3836,3192,476,3374,700,3570,3172,920,866,3356,2806,872,750,194,3272,3548,750,3220,522,916,0,3272,3090,3380,3264,3270,3730,3010,3752,2152,3066,762,1118,3494,3800,598,3374,3138,3232,3422,3182,3272,2832,520,2962,3210,3174,3508,3254,3120,3236,3302,3806,3890,3764,3908,3590,3092,3892,3982,3222,3056,3000,3016,3038,1046,758,3014,3482,3476,3022,3304,2940,3776,3298,3694,886,3761,2259,2474,2596,2330,2718,2838,2438,3406,2418,2008,2040,2228,3420,2450,2950,2290,3076,2672,3153,797,3629,3943,3203,3651,3185
"DQ181846",1067,943,1223,879,2792,2481,3082,2180,2307,2561,2195,2377,2176,2148,637,755,2641,2536,708,2558,2996,816,2582,2296,2576,2744,2440,600,2200,2804,642,2694,300,740,3496,2926,580,2138,2588,3162,2864,252,382,2470,2404,2652,2106,3272,0,640,2036,582,274,242,674,746,1348,224,2890,3010,594,650,2554,724,326,2284,2696,2318,2618,2594,2644,2706,2594,2594,2450,590,488,260,2376,342,942,636,1052,822,730,654,2936,556,2374,2186,924,816,3034,2740,2198,888,622,624,724,2600,672,322,2338,3272,649,2657,2286,2968,2836,2278,2424,2676,2816,2206,2620,2354,2830,2734,2166,2464,2708,2254,2574,2881,2427,821,731,423,2549,2743
"DQ181856",841,507,993,909,2694,2161,2850,2002,2537,2129,2015,2039,2186,2128,545,915,2445,2526,680,2824,2626,360,2446,2220,2508,2214,2088,454,2512,2178,594,2396,990,476,2842,2520,448,2250,2410,2598,2512,752,682,2098,2200,2394,2042,3090,640,0,2048,258,742,820,420,798,1250,596,2348,2370,456,548,2160,380,670,2388,2630,2238,2698,2370,2400,2488,2406,2518,2274,362,326,792,2662,588,774,614,648,552,598,572,2838,590,2100,2256,312,600,2602,2478,2072,592,504,114,612,2654,754,798,2300,2878,617,2095,1940,2444,2242,1992,2206,2112,2342,1972,2238,1980,2230,2252,1756,2118,2014,2024,2050,2357,2127,689,583,797,2455,2683
"AY732464",2607,2035,2865,2525,1046,543,1758,630,1089,2545,2451,2461,332,314,2311,1799,929,638,2294,1144,1520,1870,832,568,922,3018,2716,2218,986,2984,1926,3116,2266,2000,4076,3254,1918,966,2984,3824,3112,2214,1880,2574,642,3214,2658,3380,2036,2048,0,2108,2214,2376,2284,2472,1862,2268,3180,3200,1704,1978,2914,2162,1862,674,738,598,952,596,3072,856,930,916,548,1966,2066,2280,712,2426,2544,2316,2590,2546,2332,2272,862,2070,546,508,2014,2020,3020,3336,730,2184,2224,1902,1994,752,2150,2078,292,4012,2571,2391,2052,2744,2378,1970,2272,2516,2582,2236,2494,2378,2352,2474,2296,2342,2256,2156,2340,2563,2659,2227,2569,2165,863,2939
"DQ181807",679,631,915,557,2696,2295,2770,2048,2693,2103,1907,1947,2180,2224,405,697,2489,2648,566,3100,2800,586,2496,2268,2550,2270,2282,456,2698,2418,372,2414,904,286,2902,2554,452,2430,2300,2720,2586,670,590,2246,2272,2518,2142,3264,582,258,2108,0,592,740,310,704,1188,602,2484,2400,460,602,2428,356,554,2364,2792,2458,2780,2572,2482,2746,2512,2680,2406,210,250,700,2700,530,732,494,564,560,610,470,2944,492,2144,2374,576,450,2618,2468,2272,560,498,286,498,2702,744,602,2292,2850,617,2005,1850,2498,2284,1980,2090,2106,2240,1884,2200,1994,2276,2140,1814,1896,2130,1952,2076,2371,2399,481,515,817,2567,2465
"DQ518639",963,961,1259,749,2864,2621,3390,2348,2625,2969,2449,2733,2294,2352,753,757,2999,2752,690,2872,3336,928,2888,2500,2670,2700,2674,614,2498,2976,620,2574,410,766,3554,2796,534,2274,2546,3186,2850,320,500,2538,2634,2848,2210,3270,274,742,2214,592,0,278,668,882,1510,368,2902,2910,724,722,2696,736,390,2408,2928,2518,2734,2682,2832,2982,2856,2926,2658,514,462,312,2486,410,934,588,1102,792,678,628,3204,554,2492,2464,1136,656,3288,2904,2286,946,724,726,826,2884,706,428,2442,3326,503,2911,2480,3166,3006,2402,2706,3046,2994,2438,2806,2468,2938,2916,2566,2564,2884,2564,2928,3253,2679,803,709,443,2719,2853
"DQ518642",927,1061,1203,799,3140,2761,3522,2538,2739,3095,2673,2771,2484,2370,807,839,3061,2950,724,2940,3352,1110,3004,2690,2876,3010,2770,742,2480,3114,732,2794,468,768,3826,3054,634,2458,2860,3482,3208,222,592,2744,2842,2954,2390,3730,242,820,2376,740,278,0,748,890,1780,408,3128,3128,772,640,2880,904,468,2662,3038,2638,2932,3016,3140,3198,2942,3124,2920,616,528,240,2682,256,1028,760,1278,1064,916,794,3234,550,2728,2564,1302,780,3290,2924,2428,996,746,848,762,3070,860,470,2780,3558,695,3149,2576,3404,3218,2632,2884,3204,3134,2640,3188,2720,3274,3116,2732,2774,3182,2674,3020,3423,2735,879,655,509,3061,2933
"DQ518643",649,857,747,549,2872,2489,3190,2240,2803,2065,1999,1973,2548,2404,433,699,2717,2802,484,3068,3004,766,2790,2416,3012,2044,1914,544,2642,2292,466,2222,956,300,2576,2230,456,2404,1992,2448,2380,600,754,1948,2494,2220,1964,3010,674,420,2284,310,668,748,0,752,1272,760,2024,2080,588,602,2108,430,652,2530,3048,2530,2924,2800,2204,2876,2710,2936,2624,350,256,640,2800,626,698,534,702,608,658,616,3224,562,2264,2556,804,418,2432,2132,2312,416,514,494,472,2850,992,746,2548,2602,619,2063,1804,2388,2160,1862,2060,2180,2320,1886,2110,1902,2180,2136,1844,1954,2138,1968,2128,2277,1955,573,477,931,2789,2561
"DQ917242",1237,777,985,923,2980,2635,3062,2416,2651,2849,2519,2595,2542,2556,543,903,2751,2726,686,2984,3192,774,2738,2554,2946,2498,2752,550,2812,2864,762,2780,916,830,3516,2930,686,2434,2992,3302,3168,844,830,2832,2404,2948,2914,3752,746,798,2472,704,882,890,752,0,1944,744,2998,2824,822,888,2798,916,628,2586,3022,2710,2946,2904,2974,3002,2794,2936,2690,770,518,858,2732,760,984,774,530,804,688,736,2980,984,2774,2672,1212,1082,3354,3094,2568,738,668,762,714,2956,948,920,2676,3518,733,3033,2484,3500,3178,2826,3102,3012,3204,2586,3122,2712,3228,3122,2768,2600,2962,2658,2940,3139,2713,831,853,967,2891,3301
"DQ917244",1721,1539,2275,1919,2816,2229,2594,2074,2755,1887,1887,2053,2318,2204,1531,1519,2225,2292,1534,2948,2526,1512,2292,2188,2300,1738,1392,1522,2216,1850,1502,1928,1708,1566,2222,2056,1392,2078,1626,2000,1800,1662,1444,1342,1838,1682,1240,2152,1348,1250,1862,1188,1510,1780,1272,1944,0,1368,1780,1800,1440,1570,1738,1270,1460,1972,2428,2182,2554,2050,1738,2348,2268,2272,2392,1370,1232,1654,2568,1710,1842,1644,1748,1648,1732,1652,2716,1578,1930,2066,1262,1628,1836,1770,1978,1778,1562,1252,1314,2444,1696,1484,2282,2002,1693,1931,1528,1944,1892,1806,2004,2030,2502,1598,1570,1580,1636,2286,1518,2212,1780,2012,1990,2101,1525,1543,1773,1739,2453,2215
"EU045312",1031,979,1409,953,3172,2745,2950,2402,2497,2665,2293,2295,2378,2482,777,795,2681,2608,842,2734,2886,806,2626,2550,2660,2542,2332,580,2368,2524,638,2530,210,812,3276,2836,634,2264,2562,2984,2640,288,246,2304,2338,2506,2024,3066,224,596,2268,602,368,408,760,744,1368,0,2758,2890,696,660,2382,674,288,2488,2696,2466,2774,2702,2474,2644,2526,2564,2674,554,524,272,2520,382,1042,672,866,822,684,660,2994,648,2672,2422,928,826,2834,2654,2172,960,740,584,936,2836,662,286,2614,3094,701,2699,2332,3046,2914,2448,2548,2712,2874,2280,2630,2414,2898,2770,2274,2474,2710,2274,2686,2997,2305,773,789,421,2817,2657
"EF436279",2717,2633,2733,3125,3628,3101,3856,3136,3463,2619,2437,2375,3788,3138,2419,2339,3463,3886,2430,3616,3930,2628,3604,3254,3952,324,244,2946,3362,646,2646,454,3358,2310,356,330,2668,3066,366,464,550,2802,3132,248,3200,282,584,762,2890,2348,3180,2484,2902,3128,2024,2998,1780,2758,0,300,2918,3130,396,2500,2658,3398,3614,3374,3596,3074,544,3234,3316,3540,3426,2576,2310,2800,3510,3012,2990,2922,3066,2764,2542,3086,4162,2702,2800,2978,2560,2356,516,296,3090,2440,2520,2362,2500,3198,3648,3024,3476,430,3075,1923,2058,2360,2064,2220,2356,2134,2716,2032,1830,1856,1934,2636,1992,2464,2160,2430,2240,2635,385,2923,2897,3065,3623,2981
"GQ139573",2697,2385,2751,3029,3544,3109,3692,3266,3381,2829,2633,2569,3730,3152,2385,2483,3275,3720,2314,3560,3884,2532,3498,3296,3800,302,620,2808,3310,868,2664,512,3398,2318,630,268,2680,2976,750,776,764,2922,3210,492,3090,658,900,1118,3010,2370,3200,2400,2910,3128,2080,2824,1800,2890,300,0,2918,3184,730,2578,2682,3334,3596,3340,3432,3106,902,3380,3326,3582,3338,2448,2236,2966,3382,3060,2890,2940,2846,2794,2584,2948,3974,2764,2876,3128,2464,2452,752,506,3184,2446,2554,2276,2576,3312,3430,3080,3522,780,3037,2003,2208,2766,2396,2526,2752,2310,3028,2290,2224,2186,2264,2938,2222,2666,2394,2688,2412,2823,849,2897,2961,3115,3769,3183
"AM746226",813,809,1057,779,2600,2005,2912,1878,2325,2515,2449,2433,1892,1846,519,839,2365,2224,570,2504,2666,854,2168,1990,2342,2824,2586,382,2278,2780,448,2788,902,516,3558,3012,202,2090,2718,3338,2956,752,662,2620,2002,2938,2472,3494,594,456,1704,460,724,772,588,822,1440,696,2918,2918,0,270,2598,566,512,2116,2528,2128,2436,2336,2704,2380,2224,2364,2054,330,360,810,2402,640,674,468,676,660,690,498,2674,470,2088,2036,738,522,2902,2760,1892,528,536,480,342,2432,544,606,2008,3504,487,2617,2292,2832,2582,2432,2642,2696,2922,2292,2592,2340,2710,2724,2308,2506,2468,2384,2506,2759,2607,695,611,929,2361,2905
