"","FJ461303","KP723473","FJ196847","FJ196846","FJ196845","FJ196842","GU131863","EU848545","GU131792","JQ915076","JQ922546","AY732483","FJ898385","LC011949","KC692498","EU482814","FJ882548","HM181971","JQ955624","JX475906","KC294216","KC131142","JQ922549","JQ922550","KC964095","JQ922551","JQ922552","JQ922553","FJ410195","DQ181801","EU482666","FJ744745","AY858037","KF041254","JQ922555","KC762690","KF954948","KJ579242","KF041260","FJ196849","FJ024476"
"FJ461303",0,6147,2965,5191,3663,4203,4135,3401,1959,6059,4021,2181,1727,1151,4825,913,1205,14148,19242,14848,14282,20224,17110,14100,13082,16674,15574,14666,13970,15726,12744,14670,10991,14281,13415,12001,14551,16626,19780,19258,17844
"KP723473",6147,0,4692,4310,4566,5370,3504,4018,5202,4694,3716,4694,4514,5542,4440,5578,5144,17005,17575,15329,16559,20059,15037,12239,14889,16023,11759,13669,16639,17825,15879,18149,10430,12162,12128,11408,10998,15219,15651,15287,16447
"FJ196847",2965,4692,0,3312,3152,3322,3986,3328,2464,4776,2912,1586,1916,3130,4350,2132,2870,17695,20769,18125,16875,24111,19775,15387,15679,18227,15931,16645,15935,20237,16555,17683,10962,14608,13698,14214,14216,17505,22067,19895,19709
"FJ196846",5191,4310,3312,0,2138,3362,4760,2432,3684,1712,4422,3224,3632,4344,5166,4316,4870,18951,21459,19269,17835,23627,19751,14629,15955,20297,13943,15869,16955,19407,17465,19675,11362,15952,15032,13452,15638,15103,17341,16817,17511
"FJ196845",3663,4566,3152,2138,0,2836,4270,2664,3490,2964,3288,2706,3322,2894,4496,2764,3140,15519,20493,16779,15873,21349,18127,12419,14521,18085,12965,14703,14695,17549,14635,16899,10212,12922,12068,11676,12666,15821,18887,17949,18279
"FJ196842",4203,5370,3322,3362,2836,0,4724,3180,4372,3290,5452,3742,3600,3406,5804,2706,3772,15255,19059,15545,15221,18975,18115,13545,13751,17161,13943,15241,13283,17009,13539,16271,11178,14262,14220,13070,13656,15771,18721,16071,16365
"GU131863",4135,3504,3986,4760,4270,4724,0,3310,3876,4590,2860,4322,3152,3702,3624,3702,3988,15077,18119,14543,15149,20875,16313,11569,13345,15155,12255,11435,14009,15999,13115,15379,12424,16124,14644,14302,15148,18823,19211,19341,19375
"EU848545",3401,4018,3328,2432,2664,3180,3310,0,3466,3734,3548,2174,3450,3206,3728,3310,2878,18007,20677,16827,17719,22737,18531,14121,15853,18827,14099,15273,15829,19023,16129,19369,12916,16294,14778,13022,15648,13475,15125,13969,15273
"GU131792",1959,5202,2464,3684,3490,4372,3876,3466,0,5174,3472,2106,578,1818,4850,1844,1960,16205,22041,18617,16229,24485,19539,14835,15089,18847,15025,15171,15529,18491,14963,16809,11322,16080,14830,14136,15536,19093,21549,21253,20567
"JQ915076",6059,4694,4776,1712,2964,3290,4590,3734,5174,0,5446,4340,4542,4654,6492,4592,6056,15673,17207,15911,14247,18703,15841,12329,12775,16163,11537,13389,13527,15693,13909,16137,12094,16022,16280,14108,15270,16547,18325,18191,18623
"JQ922546",4021,3716,2912,4422,3288,5452,2860,3548,3472,5446,0,2382,2888,3666,3520,3654,3618,14831,19417,16281,15095,21831,17307,12837,14817,16401,13667,14053,15269,17419,14401,15685,10816,13916,12694,13126,13422,18529,20631,19537,20021
"AY732483",2181,4694,1586,3224,2706,3742,4322,2174,2106,4340,2382,0,1766,2420,3714,2038,2246,17299,20929,17691,16349,22695,19017,14643,16017,18735,15103,16589,16229,19069,15769,17781,11362,14806,12988,13436,14436,15691,19849,17791,17683
"FJ898385",1727,4514,1916,3632,3322,3600,3152,3450,578,4542,2888,1766,0,1456,4340,1432,1772,15327,20371,16927,15213,22813,18203,13467,13755,17127,14087,14239,14429,17721,14261,15865,10016,15192,13934,12948,14286,18401,21259,20245,19583
"LC011949",1151,5542,3130,4344,2894,3406,3702,3206,1818,4654,3666,2420,1456,0,5330,948,1010,13487,19069,14667,13597,19471,16871,12719,11923,16413,14471,14123,12951,14997,11895,14605,9690,13434,13216,10704,13344,17551,20423,20155,19173
"KC692498",4825,4440,4350,5166,4496,5804,3624,3728,4850,6492,3520,3714,4340,5330,0,4398,4662,19229,21823,16123,18007,22429,19701,12933,17013,19105,12915,15459,17313,19663,16399,19379,10728,13498,11640,12668,12854,16873,18591,17559,17885
"EU482814",913,5578,2132,4316,2764,2706,3702,3310,1844,4592,3654,2038,1432,948,4398,0,1078,14055,19233,14771,14181,19527,17401,13635,12523,16231,14681,14237,13183,16201,12471,14809,10458,13494,13148,11834,12982,17539,20977,20007,18739
"FJ882548",1205,5144,2870,4870,3140,3772,3988,2878,1960,6056,3618,2246,1772,1010,4662,1078,0,14027,19579,14629,14637,20629,17209,13241,13903,16899,14819,14117,14847,15985,12811,15665,9584,12766,11456,10148,12708,16219,19749,18609,17933
"HM181971",14148,17005,17695,18951,15519,15255,15077,18007,16205,15673,14831,17299,15327,13487,19229,14055,14027,0,6976,5602,2054,7678,5614,6102,4888,5060,8662,6730,5082,2678,1964,1152,14803,17577,17243,16209,18291,29400,30142,30608,28860
"JQ955624",19242,17575,20769,21459,20493,19059,18119,20677,22041,17207,19417,20929,20371,19069,21823,19233,19579,6976,0,2724,4688,5152,1748,6690,5224,3094,6544,6046,7102,6326,6910,6594,15895,16767,18953,17083,15967,25654,25768,27220,25744
"JX475906",14848,15329,18125,19269,16779,15545,14543,16827,18617,15911,16281,17691,16927,14667,16123,14771,14629,5602,2724,0,4130,4308,2876,5342,5174,4100,6164,5978,6772,4564,4108,6530,13437,14721,15675,12995,14601,22886,23628,24048,22308
"KC294216",14282,16559,16875,17835,15873,15221,15149,17719,16229,14247,15095,16349,15213,13597,18007,14181,14637,2054,4688,4130,0,5452,4186,5776,4344,4564,7650,7192,5060,1720,1918,2444,13979,17549,17983,15823,18419,27094,29000,29336,26980
"KC131142",20224,20059,24111,23627,21349,18975,20875,22737,24485,18703,21831,22695,22813,19471,22429,19527,20629,7678,5152,4308,5452,0,6078,9336,6580,7800,10532,10206,9010,6342,6172,8494,17277,17701,19879,17383,18015,27934,28386,29704,27108
"JQ922549",17110,15037,19775,19751,18127,18115,16313,18531,19539,15841,17307,19017,18203,16871,19701,17401,17209,5614,1748,2876,4186,6078,0,4370,4726,2238,4754,4180,6212,4722,5420,5842,15659,16779,18191,15787,16319,22672,22866,24720,23122
"JQ922550",14100,12239,15387,14629,12419,13545,11569,14121,14835,12329,12837,14643,13467,12719,12933,13635,13241,6102,6690,5342,5776,9336,4370,0,5012,5670,1906,3208,6034,5792,5352,6708,11329,14821,13511,12001,14557,19662,19286,20596,19944
"KC964095",13082,14889,15679,15955,14521,13751,13345,15853,15089,12775,14817,16017,13755,11923,17013,12523,13903,4888,5224,5174,4344,6580,4726,5012,0,3886,6082,5342,2332,5480,4966,4526,13311,17725,18771,15281,17019,24674,25190,27268,25182
"JQ922551",16674,16023,18227,20297,18085,17161,15155,18827,18847,16163,16401,18735,17127,16413,19105,16231,16899,5060,3094,4100,4564,7800,2238,5670,3886,0,6412,4204,4686,6026,5790,4372,15587,18007,19263,18181,17113,25678,26738,27406,25386
"JQ922552",15574,11759,15931,13943,12965,13943,12255,14099,15025,11537,13667,15103,14087,14471,12915,14681,14819,8662,6544,6164,7650,10532,4754,1906,6082,6412,0,3920,7654,8522,8054,8902,13481,16447,15931,14623,15105,20240,18778,20618,20550
"JQ922553",14666,13669,16645,15869,14703,15241,11435,15273,15171,13389,14053,16589,14239,14123,15459,14237,14117,6730,6046,5978,7192,10206,4180,3208,5342,4204,3920,0,6138,6774,6542,6490,12963,15603,15203,14163,15061,20388,20630,22080,20452
"FJ410195",13970,16639,15935,16955,14695,13283,14009,15829,15529,13527,15269,16229,14429,12951,17313,13183,14847,5082,7102,6772,5060,9010,6212,6034,2332,4686,7654,6138,0,7044,4758,4076,15309,18601,19793,18859,17543,27728,29488,29654,28472
"DQ181801",15726,17825,20237,19407,17549,17009,15999,19023,18491,15693,17419,19069,17721,14997,19663,16201,15985,2678,6326,4564,1720,6342,4722,5792,5480,6026,8522,6774,7044,0,1706,3328,14981,18347,18517,14883,20169,26424,27252,28624,25946
"EU482666",12744,15879,16555,17465,14635,13539,13115,16129,14963,13909,14401,15769,14261,11895,16399,12471,12811,1964,6910,4108,1918,6172,5420,5352,4966,5790,8054,6542,4758,1706,0,2818,13351,16411,16181,14405,17591,26862,28540,28874,26308
"FJ744745",14670,18149,17683,19675,16899,16271,15379,19369,16809,16137,15685,17781,15865,14605,19379,14809,15665,1152,6594,6530,2444,8494,5842,6708,4526,4372,8902,6490,4076,3328,2818,0,15271,18135,18063,18411,18737,31894,33118,33714,31552
"AY858037",10991,10430,10962,11362,10212,11178,12424,12916,11322,12094,10816,11362,10016,9690,10728,10458,9584,14803,15895,13437,13979,17277,15659,11329,13311,15587,13481,12963,15309,14981,13351,15271,0,3810,3184,2586,4684,16591,22069,19835,17869
"KF041254",14281,12162,14608,15952,12922,14262,16124,16294,16080,16022,13916,14806,15192,13434,13498,13494,12766,17577,16767,14721,17549,17701,16779,14821,17725,18007,16447,15603,18601,18347,16411,18135,3810,0,2898,5020,1152,18127,23807,21317,20145
"JQ922555",13415,12128,13698,15032,12068,14220,14644,14778,14830,16280,12694,12988,13934,13216,11640,13148,11456,17243,18953,15675,17983,19879,18191,13511,18771,19263,15931,15203,19793,18517,16181,18063,3184,2898,0,4172,3926,16905,22607,19983,18677
"KC762690",12001,11408,14214,13452,11676,13070,14302,13022,14136,14108,13126,13436,12948,10704,12668,11834,10148,16209,17083,12995,15823,17383,15787,12001,15281,18181,14623,14163,18859,14883,14405,18411,2586,5020,4172,0,6404,13469,17171,16203,14321
"KF954948",14551,10998,14216,15638,12666,13656,15148,15648,15536,15270,13422,14436,14286,13344,12854,12982,12708,18291,15967,14601,18419,18015,16319,14557,17019,17113,15105,15061,17543,20169,17591,18737,4684,1152,3926,6404,0,19775,24075,22283,21703
"KJ579242",16626,15219,17505,15103,15821,15771,18823,13475,19093,16547,18529,15691,18401,17551,16873,17539,16219,29400,25654,22886,27094,27934,22672,19662,24674,25678,20240,20388,27728,26424,26862,31894,16591,18127,16905,13469,19775,0,3932,2612,1718
"KF041260",19780,15651,22067,17341,18887,18721,19211,15125,21549,18325,20631,19849,21259,20423,18591,20977,19749,30142,25768,23628,29000,28386,22866,19286,25190,26738,18778,20630,29488,27252,28540,33118,22069,23807,22607,17171,24075,3932,0,3300,4094
"FJ196849",19258,15287,19895,16817,17949,16071,19341,13969,21253,18191,19537,17791,20245,20155,17559,20007,18609,30608,27220,24048,29336,29704,24720,20596,27268,27406,20618,22080,29654,28624,28874,33714,19835,21317,19983,16203,22283,2612,3300,0,1538
"FJ024476",17844,16447,19709,17511,18279,16365,19375,15273,20567,18623,20021,17683,19583,19173,17885,18739,17933,28860,25744,22308,26980,27108,23122,19944,25182,25386,20550,20452,28472,25946,26308,31552,17869,20145,18677,14321,21703,1718,4094,1538,0
